"Story","Title","Result","Date","Stability","Duration (s)"
"Form-Based Authentication","Using username and password to log in","SUCCESS","2022-09-28T03:55:40.535Z[Etc/UTC]","0.0","4.46"
